0, 1635066392141167, 1635066392142943, 1776
1, 1635066392159163, 1635066392159330, 167
2, 1635066392172145, 1635066392172296, 151
3, 1635066392185084, 1635066392185247, 163
4, 1635066392198030, 1635066392198175, 145
5, 1635066392210996, 1635066392211142, 146
6, 1635066392223964, 1635066392224105, 141
7, 1635066392236889, 1635066392237032, 143
8, 1635066392249857, 1635066392249996, 139
9, 1635066392262777, 1635066392262796, 19
10, 1635066392276407, 1635066392276425, 18
11, 1635066392290079, 1635066392290096, 17
12, 1635066392303709, 1635066392303807, 98
13, 1635066392316578, 1635066392316675, 97
14, 1635066392329418, 1635066392329438, 20
15, 1635066392343035, 1635066392343053, 18
16, 1635066392356698, 1635066392356715, 17
17, 1635066392370326, 1635066392370343, 17
18, 1635066392383991, 1635066392384008, 17
19, 1635066392397620, 1635066392397637, 17
20, 1635066392411294, 1635066392411310, 16
21, 1635066392424917, 1635066392424934, 17
22, 1635066392438541, 1635066392438556, 15
23, 1635066392452278, 1635066392452293, 15
24, 1635066392465990, 1635066392466005, 15
25, 1635066392479728, 1635066392479743, 15
26, 1635066392493437, 1635066392493452, 15
27, 1635066392507164, 1635066392507181, 17
28, 1635066392520867, 1635066392520882, 15
29, 1635066392534593, 1635066392534608, 15
30, 1635066392548300, 1635066392548315, 15
31, 1635066392562002, 1635066392562017, 15
32, 1635066392575733, 1635066392575748, 15
33, 1635066392589438, 1635066392589452, 14
34, 1635066392603163, 1635066392603178, 15
35, 1635066392616869, 1635066392616886, 17
36, 1635066392630593, 1635066392630608, 15
37, 1635066392644294, 1635066392644309, 15
38, 1635066392658016, 1635066392658031, 15
39, 1635066392671723, 1635066392671738, 15
40, 1635066392685426, 1635066392685441, 15
41, 1635066392699148, 1635066392699163, 15
42, 1635066392712851, 1635066392712866, 15
43, 1635066392726582, 1635066392726681, 99
44, 1635066392739430, 1635066392739448, 18
45, 1635066392753075, 1635066392753092, 17
46, 1635066392766709, 1635066392766727, 18
47, 1635066392780339, 1635066392780355, 16
48, 1635066392793994, 1635066392794011, 17
49, 1635066392807619, 1635066392807678, 59
50, 1635066392821330, 1635066392821347, 17
51, 1635066392834953, 1635066392834970, 17
52, 1635066392848613, 1635066392848630, 17
53, 1635066392862235, 1635066392862252, 17
54, 1635066392875895, 1635066392875912, 17
55, 1635066392889516, 1635066392889534, 18
56, 1635066392903210, 1635066392903227, 17
57, 1635066392916928, 1635066392916945, 17
58, 1635066392930623, 1635066392930640, 17
59, 1635066392944349, 1635066392944366, 17
60, 1635066392958045, 1635066392958061, 16
61, 1635066392971767, 1635066392971784, 17
62, 1635066392985471, 1635066392985488, 17
63, 1635066392999108, 1635066392999125, 17
64, 1635066393012725, 1635066393012742, 17
65, 1635066393026345, 1635066393026362, 17
66, 1635066393040001, 1635066393040019, 18
67, 1635066393053618, 1635066393053717, 99
68, 1635066393066497, 1635066393066638, 141
69, 1635066393079423, 1635066393079563, 140
70, 1635066393092342, 1635066393092481, 139
71, 1635066393105284, 1635066393105422, 138
72, 1635066393118199, 1635066393118335, 136
73, 1635066393131110, 1635066393131248, 138
74, 1635066393144053, 1635066393144191, 138
75, 1635066393156966, 1635066393157103, 137
76, 1635066393169899, 1635066393170036, 137
77, 1635066393182845, 1635066393183031, 186
78, 1635066393195865, 1635066393196011, 146
79, 1635066393208796, 1635066393208937, 141
80, 1635066393221742, 1635066393221882, 140
81, 1635066393234660, 1635066393234807, 147
82, 1635066393247589, 1635066393247730, 141
83, 1635066393260534, 1635066393260674, 140
84, 1635066393273449, 1635066393273589, 140
85, 1635066393286362, 1635066393286502, 140
86, 1635066393299328, 1635066393299465, 137
87, 1635066393312238, 1635066393312376, 138
88, 1635066393325150, 1635066393325302, 152
89, 1635066393338114, 1635066393338249, 135
90, 1635066393351022, 1635066393351163, 141
91, 1635066393363939, 1635066393364077, 138
92, 1635066393376878, 1635066393377014, 136
93, 1635066393389786, 1635066393389921, 135
94, 1635066393402693, 1635066393402828, 135
95, 1635066393418478, 1635066393418497, 19
96, 1635066393434923, 1635066393434941, 18
97, 1635066393448592, 1635066393448609, 17
98, 1635066393462254, 1635066393462354, 100
99, 1635066393476710, 1635066393476808, 98
100, 1635066393491129, 1635066393491227, 98
101, 1635066393505580, 1635066393505633, 53
102, 1635066393519306, 1635066393519325, 19
103, 1635066393532997, 1635066393533014, 17
104, 1635066393546691, 1635066393546789, 98
105, 1635066393561132, 1635066393561237, 105
106, 1635066393575568, 1635066393575585, 17
107, 1635066393589220, 1635066393589317, 97
108, 1635066393603637, 1635066393603653, 16
109, 1635066393617326, 1635066393617422, 96
110, 1635066393631749, 1635066393631846, 97
111, 1635066393646172, 1635066393646188, 16
112, 1635066393659886, 1635066393659904, 18
113, 1635066393673543, 1635066393673560, 17
114, 1635066393687201, 1635066393687218, 17
115, 1635066393700886, 1635066393700982, 96
116, 1635066393715315, 1635066393715411, 96
117, 1635066393729758, 1635066393729774, 16
118, 1635066393743418, 1635066393743436, 18
119, 1635066393757084, 1635066393757102, 18
120, 1635066393770776, 1635066393770793, 17
121, 1635066393784447, 1635066393784543, 96
122, 1635066393798865, 1635066393798961, 96
123, 1635066393813315, 1635066393813411, 96
124, 1635066393827733, 1635066393827750, 17
125, 1635066393841419, 1635066393841517, 98
126, 1635066393855846, 1635066393855941, 95
127, 1635066393870292, 1635066393870388, 96
128, 1635066393884708, 1635066393884804, 96
129, 1635066393899124, 1635066393899223, 99
130, 1635066393913609, 1635066393913705, 96
131, 1635066393928025, 1635066393928042, 17
132, 1635066393941714, 1635066393941813, 99
133, 1635066393956136, 1635066393956232, 96
134, 1635066393970587, 1635066393970603, 16
135, 1635066393984247, 1635066393984345, 98
136, 1635066393998663, 1635066393998758, 95
137, 1635066394013106, 1635066394013122, 16
138, 1635066394026774, 1635066394026791, 17
139, 1635066394040455, 1635066394040553, 98
140, 1635066394054894, 1635066394054993, 99
141, 1635066394069322, 1635066394069418, 96
142, 1635066394083767, 1635066394083782, 15
143, 1635066394097425, 1635066394097442, 17
144, 1635066394111081, 1635066394111191, 110
145, 1635066394127552, 1635066394127568, 16
146, 1635066394141189, 1635066394141215, 26
147, 1635066394154865, 1635066394154882, 17
148, 1635066394168531, 1635066394168547, 16
149, 1635066394182163, 1635066394182179, 16
150, 1635066394195829, 1635066394195846, 17
151, 1635066394209459, 1635066394209475, 16
152, 1635066394223093, 1635066394223142, 49
153, 1635066394236803, 1635066394236820, 17
154, 1635066394250430, 1635066394250447, 17
155, 1635066394264064, 1635066394264161, 97
156, 1635066394277220, 1635066394277315, 95
157, 1635066394290418, 1635066394290514, 96
158, 1635066394303578, 1635066394303674, 96
159, 1635066394316738, 1635066394316756, 18
160, 1635066394330404, 1635066394330500, 96
161, 1635066394343563, 1635066394343660, 97
162, 1635066394356725, 1635066394356794, 69
163, 1635066394370447, 1635066394370513, 66
164, 1635066394384217, 1635066394384287, 70
165, 1635066394397935, 1635066394398001, 66
166, 1635066394411671, 1635066394411738, 67
167, 1635066394425402, 1635066394425468, 66
168, 1635066394439107, 1635066394439173, 66
169, 1635066394452814, 1635066394452880, 66
170, 1635066394466562, 1635066394466632, 70
171, 1635066394480328, 1635066394480395, 67
172, 1635066394494089, 1635066394494155, 66
173, 1635066394507888, 1635066394507953, 65
174, 1635066394521651, 1635066394521717, 66
175, 1635066394535436, 1635066394535500, 64
176, 1635066394549221, 1635066394549289, 68
177, 1635066394562981, 1635066394563048, 67
178, 1635066394576743, 1635066394576811, 68
179, 1635066394590548, 1635066394590616, 68
180, 1635066394604241, 1635066394604308, 67
181, 1635066394617951, 1635066394618020, 69
182, 1635066394631691, 1635066394631756, 65
183, 1635066394645397, 1635066394645463, 66
184, 1635066394658249, 1635066394658315, 66
185, 1635066394671917, 1635066394671981, 64
186, 1635066394685546, 1635066394685613, 67
187, 1635066394699177, 1635066394699242, 65
188, 1635066394713664, 1635066394713732, 68
189, 1635066394729310, 1635066394729379, 69
190, 1635066394742990, 1635066394743055, 65
191, 1635066394756626, 1635066394756694, 68
192, 1635066394770299, 1635066394770363, 64
193, 1635066394783970, 1635066394784038, 68
194, 1635066394797606, 1635066394797671, 65
195, 1635066394811238, 1635066394811303, 65
196, 1635066394824906, 1635066394824969, 63
197, 1635066394838535, 1635066394838605, 70
198, 1635066394852217, 1635066394852282, 65
199, 1635066394865884, 1635066394865949, 65
