0, 1635066392141167, 1635066392141200, 33
1, 1635066392159163, 1635066392159182, 19
2, 1635066392172145, 1635066392172161, 16
3, 1635066392185084, 1635066392185099, 15
4, 1635066392198030, 1635066392198046, 16
5, 1635066392210996, 1635066392211013, 17
6, 1635066392223964, 1635066392223979, 15
7, 1635066392236889, 1635066392236906, 17
8, 1635066392249857, 1635066392249871, 14
9, 1635066392262777, 1635066392262886, 109
10, 1635066392276407, 1635066392276510, 103
11, 1635066392290079, 1635066392290179, 100
12, 1635066392303709, 1635066392303726, 17
13, 1635066392316578, 1635066392316595, 17
14, 1635066392329418, 1635066392329520, 102
15, 1635066392343035, 1635066392343132, 97
16, 1635066392356698, 1635066392356795, 97
17, 1635066392370326, 1635066392370423, 97
18, 1635066392383991, 1635066392384088, 97
19, 1635066392397620, 1635066392397716, 96
20, 1635066392411294, 1635066392411390, 96
21, 1635066392424917, 1635066392425013, 96
22, 1635066392438541, 1635066392438681, 140
23, 1635066392452278, 1635066392452420, 142
24, 1635066392465990, 1635066392466130, 140
25, 1635066392479728, 1635066392479868, 140
26, 1635066392493437, 1635066392493575, 138
27, 1635066392507164, 1635066392507301, 137
28, 1635066392520867, 1635066392521003, 136
29, 1635066392534593, 1635066392534734, 141
30, 1635066392548300, 1635066392548439, 139
31, 1635066392562002, 1635066392562143, 141
32, 1635066392575733, 1635066392575871, 138
33, 1635066392589438, 1635066392589575, 137
34, 1635066392603163, 1635066392603301, 138
35, 1635066392616869, 1635066392617007, 138
36, 1635066392630593, 1635066392630729, 136
37, 1635066392644294, 1635066392644432, 138
38, 1635066392658016, 1635066392658154, 138
39, 1635066392671723, 1635066392671860, 137
40, 1635066392685426, 1635066392685564, 138
41, 1635066392699148, 1635066392699285, 137
42, 1635066392712851, 1635066392712991, 140
43, 1635066392726582, 1635066392726600, 18
44, 1635066392739430, 1635066392739526, 96
45, 1635066392753075, 1635066392753170, 95
46, 1635066392766709, 1635066392766807, 98
47, 1635066392780339, 1635066392780434, 95
48, 1635066392793994, 1635066392794090, 96
49, 1635066392807619, 1635066392807766, 147
50, 1635066392821330, 1635066392821427, 97
51, 1635066392834953, 1635066392835049, 96
52, 1635066392848613, 1635066392848709, 96
53, 1635066392862235, 1635066392862330, 95
54, 1635066392875895, 1635066392875990, 95
55, 1635066392889516, 1635066392889613, 97
56, 1635066392903210, 1635066392903307, 97
57, 1635066392916928, 1635066392917025, 97
58, 1635066392930623, 1635066392930720, 97
59, 1635066392944349, 1635066392944446, 97
60, 1635066392958045, 1635066392958140, 95
61, 1635066392971767, 1635066392971862, 95
62, 1635066392985471, 1635066392985568, 97
63, 1635066392999108, 1635066392999204, 96
64, 1635066393012725, 1635066393012822, 97
65, 1635066393026345, 1635066393026442, 97
66, 1635066393040001, 1635066393040098, 97
67, 1635066393053618, 1635066393053636, 18
68, 1635066393066497, 1635066393066512, 15
69, 1635066393079423, 1635066393079437, 14
70, 1635066393092342, 1635066393092357, 15
71, 1635066393105284, 1635066393105299, 15
72, 1635066393118199, 1635066393118214, 15
73, 1635066393131110, 1635066393131127, 17
74, 1635066393144053, 1635066393144068, 15
75, 1635066393156966, 1635066393156981, 15
76, 1635066393169899, 1635066393169914, 15
77, 1635066393182845, 1635066393182870, 25
78, 1635066393195865, 1635066393195881, 16
79, 1635066393208796, 1635066393208811, 15
80, 1635066393221742, 1635066393221757, 15
81, 1635066393234660, 1635066393234676, 16
82, 1635066393247589, 1635066393247604, 15
83, 1635066393260534, 1635066393260549, 15
84, 1635066393273449, 1635066393273465, 16
85, 1635066393286362, 1635066393286378, 16
86, 1635066393299328, 1635066393299343, 15
87, 1635066393312238, 1635066393312253, 15
88, 1635066393325150, 1635066393325165, 15
89, 1635066393338114, 1635066393338131, 17
90, 1635066393351022, 1635066393351039, 17
91, 1635066393363939, 1635066393363954, 15
92, 1635066393376878, 1635066393376893, 15
93, 1635066393389786, 1635066393389800, 14
94, 1635066393402693, 1635066393402708, 15
95, 1635066393418478, 1635066393418581, 103
96, 1635066393434923, 1635066393435022, 99
97, 1635066393448592, 1635066393448689, 97
98, 1635066393462254, 1635066393462273, 19
99, 1635066393476710, 1635066393476727, 17
100, 1635066393491129, 1635066393491146, 17
101, 1635066393505580, 1635066393505723, 143
102, 1635066393519306, 1635066393519405, 99
103, 1635066393532997, 1635066393533095, 98
104, 1635066393546691, 1635066393546709, 18
105, 1635066393561132, 1635066393561148, 16
106, 1635066393575568, 1635066393575665, 97
107, 1635066393589220, 1635066393589237, 17
108, 1635066393603637, 1635066393603733, 96
109, 1635066393617326, 1635066393617343, 17
110, 1635066393631749, 1635066393631766, 17
111, 1635066393646172, 1635066393646266, 94
112, 1635066393659886, 1635066393659983, 97
113, 1635066393673543, 1635066393673641, 98
114, 1635066393687201, 1635066393687297, 96
115, 1635066393700886, 1635066393700903, 17
116, 1635066393715315, 1635066393715332, 17
117, 1635066393729758, 1635066393729855, 97
118, 1635066393743418, 1635066393743519, 101
119, 1635066393757084, 1635066393757181, 97
120, 1635066393770776, 1635066393770872, 96
121, 1635066393784447, 1635066393784465, 18
122, 1635066393798865, 1635066393798882, 17
123, 1635066393813315, 1635066393813331, 16
124, 1635066393827733, 1635066393827829, 96
125, 1635066393841419, 1635066393841437, 18
126, 1635066393855846, 1635066393855862, 16
127, 1635066393870292, 1635066393870309, 17
128, 1635066393884708, 1635066393884725, 17
129, 1635066393899124, 1635066393899142, 18
130, 1635066393913609, 1635066393913626, 17
131, 1635066393928025, 1635066393928120, 95
132, 1635066393941714, 1635066393941732, 18
133, 1635066393956136, 1635066393956152, 16
134, 1635066393970587, 1635066393970683, 96
135, 1635066393984247, 1635066393984265, 18
136, 1635066393998663, 1635066393998680, 17
137, 1635066394013106, 1635066394013201, 95
138, 1635066394026774, 1635066394026870, 96
139, 1635066394040455, 1635066394040473, 18
140, 1635066394054894, 1635066394054912, 18
141, 1635066394069322, 1635066394069339, 17
142, 1635066394083767, 1635066394083861, 94
143, 1635066394097425, 1635066394097520, 95
144, 1635066394111081, 1635066394111099, 18
145, 1635066394127552, 1635066394127649, 97
146, 1635066394141189, 1635066394141297, 108
147, 1635066394154865, 1635066394154962, 97
148, 1635066394168531, 1635066394168628, 97
149, 1635066394182163, 1635066394182258, 95
150, 1635066394195829, 1635066394195925, 96
151, 1635066394209459, 1635066394209556, 97
152, 1635066394223093, 1635066394223232, 139
153, 1635066394236803, 1635066394236899, 96
154, 1635066394250430, 1635066394250526, 96
155, 1635066394264064, 1635066394264082, 18
156, 1635066394277220, 1635066394277236, 16
157, 1635066394290418, 1635066394290434, 16
158, 1635066394303578, 1635066394303595, 17
159, 1635066394316738, 1635066394316835, 97
160, 1635066394330404, 1635066394330422, 18
161, 1635066394343563, 1635066394343580, 17
162, 1635066394356725, 1635066394356741, 16
163, 1635066394370447, 1635066394370464, 17
164, 1635066394384217, 1635066394384233, 16
165, 1635066394397935, 1635066394397949, 14
166, 1635066394411671, 1635066394411686, 15
167, 1635066394425402, 1635066394425416, 14
168, 1635066394439107, 1635066394439123, 16
169, 1635066394452814, 1635066394452829, 15
170, 1635066394466562, 1635066394466580, 18
171, 1635066394480328, 1635066394480342, 14
172, 1635066394494089, 1635066394494106, 17
173, 1635066394507888, 1635066394507903, 15
174, 1635066394521651, 1635066394521666, 15
175, 1635066394535436, 1635066394535450, 14
176, 1635066394549221, 1635066394549238, 17
177, 1635066394562981, 1635066394562999, 18
178, 1635066394576743, 1635066394576758, 15
179, 1635066394590548, 1635066394590563, 15
180, 1635066394604241, 1635066394604256, 15
181, 1635066394617951, 1635066394617966, 15
182, 1635066394631691, 1635066394631706, 15
183, 1635066394645397, 1635066394645502, 105
184, 1635066394658249, 1635066394658267, 18
185, 1635066394671917, 1635066394671934, 17
186, 1635066394685546, 1635066394685562, 16
187, 1635066394699177, 1635066394699275, 98
188, 1635066394713664, 1635066394713682, 18
189, 1635066394729310, 1635066394729409, 99
190, 1635066394742990, 1635066394743007, 17
191, 1635066394756626, 1635066394756644, 18
192, 1635066394770299, 1635066394770317, 18
193, 1635066394783970, 1635066394783987, 17
194, 1635066394797606, 1635066394797704, 98
195, 1635066394811238, 1635066394811335, 97
196, 1635066394824906, 1635066394824923, 17
197, 1635066394838535, 1635066394838552, 17
198, 1635066394852217, 1635066394852314, 97
199, 1635066394865884, 1635066394865901, 17
