0, 1651078780226401, 1651078780227039, 638
1, 1651078780250858, 1651078780250879, 21
2, 1651078780285948, 1651078780285976, 28
3, 1651078780301128, 1651078780301149, 21
4, 1651078780316502, 1651078780316528, 26
5, 1651078780331983, 1651078780332076, 93
6, 1651078780348467, 1651078780348560, 93
7, 1651078780365096, 1651078780365117, 21
8, 1651078780384966, 1651078780384986, 20
9, 1651078780403642, 1651078780403663, 21
10, 1651078780419714, 1651078780419733, 19
11, 1651078780434954, 1651078780434973, 19
12, 1651078780450173, 1651078780450193, 20
13, 1651078780465564, 1651078780465585, 21
14, 1651078780481042, 1651078780481063, 21
15, 1651078780496624, 1651078780496643, 19
16, 1651078780511968, 1651078780511989, 21
17, 1651078780528746, 1651078780528766, 20
18, 1651078780551841, 1651078780551948, 107
19, 1651078780567003, 1651078780567110, 107
20, 1651078780582210, 1651078780582232, 22
21, 1651078780596075, 1651078780596095, 20
22, 1651078780611362, 1651078780611383, 21
23, 1651078780627824, 1651078780627844, 20
24, 1651078780641749, 1651078780641766, 17
25, 1651078780657297, 1651078780657323, 26
26, 1651078780676156, 1651078780676183, 27
27, 1651078780692479, 1651078780692499, 20
28, 1651078780708895, 1651078780708921, 26
29, 1651078780727481, 1651078780727507, 26
30, 1651078780743733, 1651078780743758, 25
31, 1651078780760135, 1651078780760160, 25
32, 1651078780775467, 1651078780775485, 18
33, 1651078780794205, 1651078780794224, 19
34, 1651078780811550, 1651078780811576, 26
35, 1651078780826809, 1651078780826828, 19
36, 1651078780843190, 1651078780843211, 21
37, 1651078780858607, 1651078780858633, 26
38, 1651078780874073, 1651078780874097, 24
39, 1651078780893889, 1651078780893915, 26
40, 1651078780909146, 1651078780909167, 21
41, 1651078780924506, 1651078780924526, 20
42, 1651078780944217, 1651078780944236, 19
43, 1651078780960416, 1651078780960441, 25
44, 1651078780976711, 1651078780976732, 21
45, 1651078780992063, 1651078780992172, 109
46, 1651078781008523, 1651078781008540, 17
47, 1651078781022527, 1651078781022544, 17
48, 1651078781039241, 1651078781039261, 20
49, 1651078781056677, 1651078781056731, 54
50, 1651078781070484, 1651078781070501, 17
51, 1651078781087850, 1651078781087918, 68
52, 1651078781101685, 1651078781101707, 22
53, 1651078781117032, 1651078781117050, 18
54, 1651078781132304, 1651078781132323, 19
55, 1651078781148829, 1651078781148848, 19
56, 1651078781165441, 1651078781165463, 22
57, 1651078781185349, 1651078781185366, 17
58, 1651078781201652, 1651078781201672, 20
59, 1651078781218098, 1651078781218118, 20
60, 1651078781233543, 1651078781233561, 18
61, 1651078781253392, 1651078781253422, 30
62, 1651078781269772, 1651078781269792, 20
63, 1651078781286297, 1651078781286323, 26
64, 1651078781306101, 1651078781306125, 24
65, 1651078781322147, 1651078781322271, 124
66, 1651078781337511, 1651078781337633, 122
67, 1651078781353944, 1651078781354064, 120
68, 1651078781369469, 1651078781369588, 119
69, 1651078781386095, 1651078781386219, 124
70, 1651078781401778, 1651078781401898, 120
71, 1651078781424035, 1651078781424145, 110
72, 1651078781440077, 1651078781440097, 20
73, 1651078781453744, 1651078781453762, 18
74, 1651078781469001, 1651078781469021, 20
75, 1651078781485365, 1651078781485434, 69
76, 1651078781501750, 1651078781501840, 90
77, 1651078781517089, 1651078781517178, 89
78, 1651078781532642, 1651078781532707, 65
79, 1651078781550511, 1651078781550533, 22
80, 1651078781567838, 1651078781567942, 104
81, 1651078781588521, 1651078781588542, 21
82, 1651078781604859, 1651078781604880, 21
83, 1651078781621262, 1651078781621283, 21
84, 1651078781638821, 1651078781638843, 22
85, 1651078781656160, 1651078781656180, 20
86, 1651078781672483, 1651078781672504, 21
87, 1651078781689666, 1651078781689686, 20
88, 1651078781703494, 1651078781703610, 116
89, 1651078781718645, 1651078781718665, 20
90, 1651078781732622, 1651078781732643, 21
91, 1651078781750354, 1651078781750373, 19
92, 1651078781766615, 1651078781766636, 21
93, 1651078781782877, 1651078781782897, 20
94, 1651078781802233, 1651078781802255, 22
95, 1651078781818390, 1651078781818411, 21
96, 1651078781844152, 1651078781844169, 17
97, 1651078781860519, 1651078781860540, 21
98, 1651078781876223, 1651078781876244, 21
99, 1651078781892675, 1651078781892696, 21
100, 1651078781909121, 1651078781909143, 22
101, 1651078781923401, 1651078781923452, 51
102, 1651078781937691, 1651078781937710, 19
103, 1651078781954206, 1651078781954226, 20
104, 1651078781970815, 1651078781970836, 21
105, 1651078781988491, 1651078781988512, 21
106, 1651078782002637, 1651078782002657, 20
107, 1651078782018903, 1651078782018922, 19
108, 1651078782035171, 1651078782035189, 18
109, 1651078782051512, 1651078782051532, 20
110, 1651078782065688, 1651078782065709, 21
111, 1651078782079883, 1651078782079904, 21
112, 1651078782094109, 1651078782094129, 20
113, 1651078782108324, 1651078782108345, 21
114, 1651078782122565, 1651078782122652, 87
115, 1651078782135914, 1651078782135935, 21
116, 1651078782150986, 1651078782151005, 19
117, 1651078782166734, 1651078782166753, 19
118, 1651078782182523, 1651078782182543, 20
119, 1651078782201513, 1651078782201535, 22
120, 1651078782217002, 1651078782217022, 20
121, 1651078782232516, 1651078782232535, 19
122, 1651078782248109, 1651078782248135, 26
123, 1651078782261495, 1651078782261515, 20
124, 1651078782277090, 1651078782277110, 20
125, 1651078782292718, 1651078782292736, 18
126, 1651078782308361, 1651078782308382, 21
127, 1651078782324069, 1651078782324096, 27
128, 1651078782339625, 1651078782339644, 19
129, 1651078782358776, 1651078782358794, 18
130, 1651078782374204, 1651078782374225, 21
131, 1651078782389759, 1651078782389780, 21
132, 1651078782404627, 1651078782404659, 32
133, 1651078782420232, 1651078782420250, 18
134, 1651078782435832, 1651078782435854, 22
135, 1651078782450801, 1651078782450820, 19
136, 1651078782466478, 1651078782466497, 19
137, 1651078782482216, 1651078782482238, 22
138, 1651078782497986, 1651078782498005, 19
139, 1651078782517141, 1651078782517168, 27
140, 1651078782532451, 1651078782532555, 104
141, 1651078782546607, 1651078782546709, 102
142, 1651078782562912, 1651078782563036, 124
143, 1651078782579258, 1651078782579381, 123
144, 1651078782595602, 1651078782595680, 78
145, 1651078782613593, 1651078782613623, 30
146, 1651078782628444, 1651078782628464, 20
147, 1651078782642564, 1651078782642584, 20
148, 1651078782658186, 1651078782658211, 25
149, 1651078782673274, 1651078782673294, 20
150, 1651078782689013, 1651078782689030, 17
151, 1651078782720244, 1651078782720264, 20
152, 1651078782734964, 1651078782735039, 75
153, 1651078782750302, 1651078782750428, 126
154, 1651078782765788, 1651078782765908, 120
155, 1651078782781264, 1651078782781384, 120
156, 1651078782796807, 1651078782796924, 117
157, 1651078782812350, 1651078782812463, 113
158, 1651078782827937, 1651078782827958, 21
159, 1651078782842770, 1651078782842788, 18
160, 1651078782856370, 1651078782856387, 17
161, 1651078782874715, 1651078782874734, 19
162, 1651078782890822, 1651078782890838, 16
163, 1651078782904879, 1651078782904898, 19
164, 1651078782918185, 1651078782918203, 18
165, 1651078782932998, 1651078782933029, 31
166, 1651078782947811, 1651078782947829, 18
167, 1651078782963418, 1651078782963439, 21
168, 1651078782978945, 1651078782978965, 20
169, 1651078782994542, 1651078782994560, 18
170, 1651078783010161, 1651078783010179, 18
171, 1651078783025824, 1651078783025851, 27
172, 1651078783044074, 1651078783044099, 25
173, 1651078783058494, 1651078783058513, 19
174, 1651078783073895, 1651078783073914, 19
175, 1651078783089300, 1651078783089367, 67
176, 1651078783102502, 1651078783102569, 67
177, 1651078783117288, 1651078783117392, 104
178, 1651078783132784, 1651078783132802, 18
179, 1651078783147727, 1651078783147746, 19
180, 1651078783163352, 1651078783163370, 18
181, 1651078783179026, 1651078783179091, 65
182, 1651078783194011, 1651078783194130, 119
183, 1651078783212805, 1651078783212929, 124
184, 1651078783228196, 1651078783228216, 20
185, 1651078783241395, 1651078783241414, 19
186, 1651078783254738, 1651078783254760, 22
187, 1651078783270223, 1651078783270241, 18
188, 1651078783285749, 1651078783285770, 21
189, 1651078783306501, 1651078783306522, 21
190, 1651078783323089, 1651078783323110, 21
191, 1651078783339723, 1651078783339744, 21
192, 1651078783355098, 1651078783355119, 21
193, 1651078783370519, 1651078783370540, 21
194, 1651078783386183, 1651078783386203, 20
195, 1651078783404978, 1651078783404995, 17
196, 1651078783422448, 1651078783422468, 20
197, 1651078783439568, 1651078783439589, 21
198, 1651078783455993, 1651078783456014, 21
199, 1651078783472515, 1651078783472533, 18
