0, 1651078797616667, 1651078797616695, 28
1, 1651078797636476, 1651078797636480, 4
2, 1651078797651263, 1651078797651328, 65
3, 1651078797664720, 1651078797664787, 67
4, 1651078797679404, 1651078797679469, 65
5, 1651078797696265, 1651078797696335, 70
6, 1651078797716646, 1651078797716648, 2
7, 1651078797728948, 1651078797728951, 3
8, 1651078797748646, 1651078797748647, 1
9, 1651078797768643, 1651078797768645, 2
10, 1651078797784649, 1651078797784651, 2
11, 1651078797804643, 1651078797804645, 2
12, 1651078797818751, 1651078797818754, 3
13, 1651078798336646, 1651078798336668, 22
14, 1651078798356645, 1651078798356646, 1
15, 1651078798370042, 1651078798370043, 1
16, 1651078798388643, 1651078798388645, 2
17, 1651078798402815, 1651078798402818, 3
18, 1651078798418280, 1651078798418285, 5
19, 1651078798444643, 1651078798444645, 2
20, 1651078798464645, 1651078798464646, 1
21, 1651078798488645, 1651078798488651, 6
22, 1651078798556646, 1651078798556650, 4
23, 1651078798580644, 1651078798580646, 2
24, 1651078798624645, 1651078798624655, 10
25, 1651078798644644, 1651078798644646, 2
26, 1651078798664643, 1651078798664645, 2
27, 1651078798692643, 1651078798692644, 1
28, 1651078798704998, 1651078798705000, 2
29, 1651078798728644, 1651078798728650, 6
30, 1651078798742917, 1651078798742924, 7
31, 1651078798764645, 1651078798764650, 5
32, 1651078798792644, 1651078798792650, 6
33, 1651078798812643, 1651078798812644, 1
34, 1651078798832224, 1651078798832225, 1
35, 1651078798848647, 1651078798848648, 1
36, 1651078798868643, 1651078798868645, 2
37, 1651078798888646, 1651078798888648, 2
38, 1651078798904646, 1651078798904647, 1
39, 1651078798924642, 1651078798924643, 1
40, 1651078798944642, 1651078798944644, 2
41, 1651078798964642, 1651078798964644, 2
42, 1651078798984642, 1651078798984644, 2
43, 1651078799000653, 1651078799000654, 1
44, 1651078799020642, 1651078799020644, 2
45, 1651078799040644, 1651078799040645, 1
46, 1651078799060642, 1651078799060643, 1
47, 1651078799088642, 1651078799088644, 2
48, 1651078799104648, 1651078799104650, 2
49, 1651078799124642, 1651078799124692, 50
50, 1651078799152644, 1651078799152650, 6
51, 1651078799172644, 1651078799172650, 6
52, 1651078799186057, 1651078799186062, 5
53, 1651078799208642, 1651078799208644, 2
54, 1651078799224115, 1651078799224176, 61
55, 1651078799242101, 1651078799242164, 63
56, 1651078799256667, 1651078799256724, 57
57, 1651078799271897, 1651078799271962, 65
58, 1651078799287357, 1651078799287416, 59
59, 1651078799302013, 1651078799302072, 59
60, 1651078799317552, 1651078799317611, 59
61, 1651078799333673, 1651078799333731, 58
62, 1651078799349226, 1651078799349284, 58
63, 1651078799364976, 1651078799365035, 59
64, 1651078799380718, 1651078799380777, 59
65, 1651078799399610, 1651078799399668, 58
66, 1651078799414919, 1651078799414980, 61
67, 1651078799430941, 1651078799430997, 56
68, 1651078799448095, 1651078799448157, 62
69, 1651078799464131, 1651078799464185, 54
70, 1651078799480225, 1651078799480280, 55
71, 1651078799494827, 1651078799494883, 56
72, 1651078799510256, 1651078799510311, 55
73, 1651078799525639, 1651078799525703, 64
74, 1651078799543094, 1651078799543156, 62
75, 1651078799558219, 1651078799558277, 58
76, 1651078799573369, 1651078799573427, 58
77, 1651078799587453, 1651078799587512, 59
78, 1651078799602704, 1651078799602761, 57
79, 1651078799617957, 1651078799618017, 60
80, 1651078799632606, 1651078799632678, 72
81, 1651078799647272, 1651078799647335, 63
82, 1651078799661985, 1651078799662042, 57
83, 1651078799677392, 1651078799677453, 61
84, 1651078799692839, 1651078799692907, 68
85, 1651078799712368, 1651078799712431, 63
86, 1651078799727654, 1651078799727711, 57
87, 1651078799742836, 1651078799742891, 55
88, 1651078799758080, 1651078799758147, 67
89, 1651078799773364, 1651078799773423, 59
90, 1651078799788666, 1651078799788723, 57
91, 1651078799804005, 1651078799804063, 58
92, 1651078799819360, 1651078799819418, 58
93, 1651078799834779, 1651078799834843, 64
94, 1651078799850228, 1651078799850291, 63
95, 1651078799868817, 1651078799868875, 58
96, 1651078799887548, 1651078799887618, 70
97, 1651078799906105, 1651078799906165, 60
98, 1651078799921798, 1651078799921802, 4
99, 1651078799944642, 1651078799944644, 2
100, 1651078799961454, 1651078799961460, 6
101, 1651078799980556, 1651078799980624, 68
102, 1651078800004643, 1651078800004644, 1
103, 1651078800021290, 1651078800021293, 3
104, 1651078800036647, 1651078800036648, 1
105, 1651078800052165, 1651078800052167, 2
106, 1651078800076642, 1651078800076643, 1
107, 1651078800096642, 1651078800096643, 1
108, 1651078800112646, 1651078800112648, 2
109, 1651078800132643, 1651078800132645, 2
110, 1651078800158775, 1651078800158777, 2
111, 1651078800176162, 1651078800176169, 7
112, 1651078800200644, 1651078800200649, 5
113, 1651078800220646, 1651078800220648, 2
114, 1651078800236190, 1651078800236191, 1
115, 1651078800252646, 1651078800252652, 6
116, 1651078800272643, 1651078800272645, 2
117, 1651078800292643, 1651078800292645, 2
118, 1651078800308327, 1651078800308329, 2
119, 1651078800328853, 1651078800328860, 7
120, 1651078800356645, 1651078800356646, 1
121, 1651078800376646, 1651078800376648, 2
122, 1651078800393509, 1651078800393682, 173
123, 1651078800409184, 1651078800409358, 174
124, 1651078800428647, 1651078800428649, 2
125, 1651078800448647, 1651078800448653, 6
126, 1651078800464205, 1651078800464206, 1
127, 1651078800488642, 1651078800488644, 2
128, 1651078800514773, 1651078800514775, 2
129, 1651078800548646, 1651078800548648, 2
130, 1651078800572646, 1651078800572648, 2
131, 1651078800588525, 1651078800588715, 190
132, 1651078800602226, 1651078800602400, 174
133, 1651078800615958, 1651078800616034, 76
134, 1651078800636154, 1651078800636218, 64
135, 1651078800650527, 1651078800650586, 59
136, 1651078800667468, 1651078800667526, 58
137, 1651078800684478, 1651078800684535, 57
138, 1651078800703578, 1651078800703635, 57
139, 1651078800718044, 1651078800718109, 65
140, 1651078800734805, 1651078800734868, 63
141, 1651078800751592, 1651078800751655, 63
142, 1651078800768441, 1651078800768506, 65
143, 1651078800785328, 1651078800785392, 64
144, 1651078800802336, 1651078800802432, 96
145, 1651078800832643, 1651078800832649, 6
146, 1651078800852644, 1651078800852646, 2
147, 1651078800872644, 1651078800872645, 1
148, 1651078800900644, 1651078800900650, 6
149, 1651078800920643, 1651078800920644, 1
150, 1651078800936654, 1651078800936655, 1
151, 1651078800956643, 1651078800956644, 1
152, 1651078800976643, 1651078800976687, 44
153, 1651078800992303, 1651078800992311, 8
154, 1651078801008645, 1651078801008647, 2
155, 1651078801032643, 1651078801032644, 1
156, 1651078801049524, 1651078801049530, 6
157, 1651078801072642, 1651078801072645, 3
158, 1651078801088158, 1651078801088220, 62
159, 1651078801104815, 1651078801104876, 61
160, 1651078801120539, 1651078801120600, 61
161, 1651078801137155, 1651078801137218, 63
162, 1651078801151490, 1651078801151554, 64
163, 1651078801172643, 1651078801172644, 1
164, 1651078801192644, 1651078801192645, 1
165, 1651078801212643, 1651078801212644, 1
166, 1651078801228343, 1651078801228406, 63
167, 1651078801248432, 1651078801248489, 57
168, 1651078801264400, 1651078801264463, 63
169, 1651078801280021, 1651078801280083, 62
170, 1651078801295676, 1651078801295733, 57
171, 1651078801311773, 1651078801311831, 58
172, 1651078801327517, 1651078801327575, 58
173, 1651078801344647, 1651078801344648, 1
174, 1651078801440645, 1651078801440646, 1
175, 1651078801460645, 1651078801460647, 2
176, 1651078801474398, 1651078801474401, 3
177, 1651078801500643, 1651078801500645, 2
178, 1651078801528645, 1651078801528647, 2
179, 1651078801546748, 1651078801546751, 3
180, 1651078801568674, 1651078801568677, 3
181, 1651078801592644, 1651078801592646, 2
182, 1651078801612647, 1651078801612649, 2
183, 1651078801640645, 1651078801640646, 1
184, 1651078801660647, 1651078801660648, 1
185, 1651078801688644, 1651078801688646, 2
186, 1651078801712650, 1651078801712651, 1
187, 1651078801740643, 1651078801740649, 6
188, 1651078801766750, 1651078801766757, 7
189, 1651078801792645, 1651078801792646, 1
190, 1651078801816645, 1651078801816651, 6
191, 1651078801834729, 1651078801834730, 1
192, 1651078801851601, 1651078801851607, 6
193, 1651078801872645, 1651078801872647, 2
194, 1651078801896645, 1651078801896646, 1
195, 1651078801926291, 1651078801926297, 6
196, 1651078801940650, 1651078801940656, 6
197, 1651078801956652, 1651078801956653, 1
198, 1651078801976642, 1651078801976644, 2
199, 1651078801989891, 1651078801989898, 7
