0, 1651081125351167, 1651081125351167
1, 1651081125388577, 37410
2, 1651081125404824, 16247
3, 1651081125421921, 17097
4, 1651081125439728, 17807
5, 1651081125455821, 16093
6, 1651081125471013, 15192
7, 1651081125487568, 16555
8, 1651081125504631, 17063
9, 1651081125520721, 16090
10, 1651081125537461, 16740
11, 1651081125553442, 15981
12, 1651081125571469, 18027
13, 1651081125589905, 18436
14, 1651081125606854, 16949
15, 1651081125622731, 15877
16, 1651081125638129, 15398
17, 1651081125654719, 16590
18, 1651081125671063, 16344
19, 1651081125689572, 18509
20, 1651081125706848, 17276
21, 1651081125724246, 17398
22, 1651081125741160, 16914
23, 1651081125757582, 16422
24, 1651081125774694, 17112
25, 1651081125790913, 16219
26, 1651081125806360, 15447
27, 1651081125823032, 16672
28, 1651081125840175, 17143
29, 1651081125857478, 17303
30, 1651081125874237, 16759
31, 1651081125890064, 15827
32, 1651081125906049, 15985
33, 1651081125922063, 16014
34, 1651081125939023, 16960
35, 1651081125954509, 15486
36, 1651081125971697, 17188
37, 1651081125989847, 18150
38, 1651081126006741, 16894
39, 1651081126023918, 17177
40, 1651081126041691, 17773
41, 1651081126057320, 15629
42, 1651081126073408, 16088
43, 1651081126090280, 16872
44, 1651081126106376, 16096
45, 1651081126122415, 16039
46, 1651081126140182, 17767
47, 1651081126156176, 15994
48, 1651081126172366, 16190
49, 1651081126188782, 16416
50, 1651081126205678, 16896
51, 1651081126223137, 17459
52, 1651081126241555, 18418
53, 1651081126260211, 18656
54, 1651081126275932, 15721
55, 1651081126291676, 15744
56, 1651081126307343, 15667
57, 1651081126322975, 15632
58, 1651081126339579, 16604
59, 1651081126357165, 17586
60, 1651081126372741, 15576
61, 1651081126388545, 15804
62, 1651081126404523, 15978
63, 1651081126422814, 18291
64, 1651081126440067, 17253
65, 1651081126456743, 16676
66, 1651081126474287, 17544
67, 1651081126491178, 16891
68, 1651081126509950, 18772
69, 1651081126526934, 16984
70, 1651081126544239, 17305
71, 1651081126561478, 17239
72, 1651081126580038, 18560
73, 1651081126597537, 17499
74, 1651081126615636, 18099
75, 1651081126632597, 16961
76, 1651081126650787, 18190
77, 1651081126669478, 18691
78, 1651081126685968, 16490
79, 1651081126702079, 16111
80, 1651081126719805, 17726
81, 1651081126736801, 16996
82, 1651081126753596, 16795
83, 1651081126771550, 17954
84, 1651081126788951, 17401
85, 1651081126805594, 16643
86, 1651081126822293, 16699
87, 1651081126838774, 16481
88, 1651081126855827, 17053
89, 1651081126873879, 18052
90, 1651081126890449, 16570
91, 1651081126907524, 17075
92, 1651081126925010, 17486
93, 1651081126942354, 17344
94, 1651081126958650, 16296
95, 1651081126974384, 15734
96, 1651081126990919, 16535
97, 1651081127007682, 16763
98, 1651081127024601, 16919
99, 1651081127040637, 16036
100, 1651081127056481, 15844
101, 1651081127072523, 16042
102, 1651081127088048, 15525
103, 1651081127105367, 17319
104, 1651081127123875, 18508
105, 1651081127142692, 18817
106, 1651081127159776, 17084
107, 1651081127176066, 16290
108, 1651081127193747, 17681
109, 1651081127209162, 15415
110, 1651081127225475, 16313
111, 1651081127243610, 18135
112, 1651081127260757, 17147
113, 1651081127276231, 15474
114, 1651081127291830, 15599
115, 1651081127307159, 15329
116, 1651081127323092, 15933
117, 1651081127338389, 15297
118, 1651081127354394, 16005
119, 1651081127371921, 17527
120, 1651081127390043, 18122
121, 1651081127407888, 17845
122, 1651081127425065, 17177
123, 1651081127442705, 17640
124, 1651081127459127, 16422
125, 1651081127476916, 17789
126, 1651081127493462, 16546
127, 1651081127509403, 15941
128, 1651081127524611, 15208
129, 1651081127541296, 16685
130, 1651081127556736, 15440
131, 1651081127573784, 17048
132, 1651081127590606, 16822
133, 1651081127607342, 16736
134, 1651081127625367, 18025
135, 1651081127641360, 15993
136, 1651081127658988, 17628
137, 1651081127676486, 17498
138, 1651081127693958, 17472
139, 1651081127709896, 15938
140, 1651081127726322, 16426
141, 1651081127742019, 15697
142, 1651081127757650, 15631
143, 1651081127774701, 17051
144, 1651081127797250, 22549
145, 1651081127815827, 18577
146, 1651081127833667, 17840
147, 1651081127852077, 18410
148, 1651081127869318, 17241
149, 1651081127887832, 18514
150, 1651081127906623, 18791
151, 1651081127925211, 18588
152, 1651081127942338, 17127
153, 1651081127959597, 17259
154, 1651081127975627, 16030
155, 1651081127993250, 17623
156, 1651081128010119, 16869
157, 1651081128027937, 17818
158, 1651081128043970, 16033
159, 1651081128061365, 17395
160, 1651081128077350, 15985
161, 1651081128094390, 17040
162, 1651081128110872, 16482
163, 1651081128126865, 15993
164, 1651081128142584, 15719
165, 1651081128158585, 16001
166, 1651081128175255, 16670
167, 1651081128191956, 16701
168, 1651081128207526, 15570
169, 1651081128223871, 16345
170, 1651081128241034, 17163
171, 1651081128257904, 16870
172, 1651081128274593, 16689
173, 1651081128290648, 16055
174, 1651081128308697, 18049
175, 1651081128324660, 15963
176, 1651081128341138, 16478
177, 1651081128359183, 18045
178, 1651081128376055, 16872
179, 1651081128392901, 16846
180, 1651081128410460, 17559
181, 1651081128426476, 16016
182, 1651081128443098, 16622
183, 1651081128458970, 15872
184, 1651081128474896, 15926
185, 1651081128490293, 15397
186, 1651081128507012, 16719
187, 1651081128523119, 16107
188, 1651081128540933, 17814
189, 1651081128558380, 17447
190, 1651081128576327, 17947
191, 1651081128593176, 16849
192, 1651081128608889, 15713
193, 1651081128625046, 16157
194, 1651081128641930, 16884
195, 1651081128657886, 15956
196, 1651081128673298, 15412
197, 1651081128691339, 18041
198, 1651081128709103, 17764
199, 1651081128726126, 17023
