0, 1651078811753573, 1651078811753597, 24
1, 1651078811774719, 1651078811774724, 5
2, 1651078811794752, 1651078811794757, 5
3, 1651078811808737, 1651078811808742, 5
4, 1651078811825295, 1651078811825304, 9
5, 1651078811839419, 1651078811839422, 3
6, 1651078811858746, 1651078811858754, 8
7, 1651078811877015, 1651078811877019, 4
8, 1651078811893091, 1651078811893093, 2
9, 1651078811910747, 1651078811910752, 5
10, 1651078811930746, 1651078811930752, 6
11, 1651078811946144, 1651078811946149, 5
12, 1651078811962635, 1651078811962639, 4
13, 1651078811981466, 1651078811981468, 2
14, 1651078811996370, 1651078811996374, 4
15, 1651078812014789, 1651078812014793, 4
16, 1651078812030808, 1651078812030809, 1
17, 1651078812045949, 1651078812045954, 5
18, 1651078812062730, 1651078812062738, 8
19, 1651078812080100, 1651078812080103, 3
20, 1651078812097518, 1651078812097525, 7
21, 1651078812114757, 1651078812114764, 7
22, 1651078812134747, 1651078812134748, 1
23, 1651078812150965, 1651078812150970, 5
24, 1651078812166788, 1651078812166790, 2
25, 1651078812186749, 1651078812186755, 6
26, 1651078812202244, 1651078812202246, 2
27, 1651078812219702, 1651078812219709, 7
28, 1651078812234850, 1651078812234853, 3
29, 1651078812251267, 1651078812251271, 4
30, 1651078812266789, 1651078812266792, 3
31, 1651078812286805, 1651078812286810, 5
32, 1651078812304290, 1651078812304295, 5
33, 1651078812318276, 1651078812318280, 4
34, 1651078812338758, 1651078812338765, 7
35, 1651078812353902, 1651078812353910, 8
36, 1651078812367755, 1651078812367757, 2
37, 1651078812381805, 1651078812381813, 8
38, 1651078812395872, 1651078812395876, 4
39, 1651078812412178, 1651078812412186, 8
40, 1651078812427646, 1651078812427650, 4
41, 1651078812446747, 1651078812446751, 4
42, 1651078812464239, 1651078812464241, 2
43, 1651078812482789, 1651078812482794, 5
44, 1651078812498788, 1651078812498790, 2
45, 1651078812518747, 1651078812518749, 2
46, 1651078812534790, 1651078812534795, 5
47, 1651078812551192, 1651078812551196, 4
48, 1651078812565304, 1651078812565307, 3
49, 1651078812581365, 1651078812581436, 71
50, 1651078812597460, 1651078812597462, 2
51, 1651078812612722, 1651078812612730, 8
52, 1651078812627972, 1651078812627977, 5
53, 1651078812643264, 1651078812643272, 8
54, 1651078812658643, 1651078812658650, 7
55, 1651078812674073, 1651078812674079, 6
56, 1651078812694747, 1651078812694752, 5
57, 1651078812711960, 1651078812711970, 10
58, 1651078812725676, 1651078812725678, 2
59, 1651078812740644, 1651078812740645, 1
60, 1651078812756915, 1651078812756920, 5
61, 1651078812772080, 1651078812772087, 7
62, 1651078812786071, 1651078812786076, 5
63, 1651078812806761, 1651078812806763, 2
64, 1651078812823085, 1651078812823092, 7
65, 1651078812838315, 1651078812838319, 4
66, 1651078812854648, 1651078812854649, 1
67, 1651078812871212, 1651078812871216, 4
68, 1651078812886576, 1651078812886578, 2
69, 1651078812906408, 1651078812906414, 6
70, 1651078812921646, 1651078812921651, 5
71, 1651078812942769, 1651078812942776, 7
72, 1651078812958782, 1651078812958784, 2
73, 1651078812972446, 1651078812972453, 7
74, 1651078812987501, 1651078812987508, 7
75, 1651078813006744, 1651078813006746, 2
76, 1651078813023236, 1651078813023242, 6
77, 1651078813039817, 1651078813039822, 5
78, 1651078813058796, 1651078813058802, 6
79, 1651078813072790, 1651078813072796, 6
80, 1651078813089196, 1651078813089202, 6
81, 1651078813110787, 1651078813110788, 1
82, 1651078813130745, 1651078813130748, 3
83, 1651078813144730, 1651078813144737, 7
84, 1651078813161131, 1651078813161135, 4
85, 1651078813178486, 1651078813178491, 5
86, 1651078813194799, 1651078813194800, 1
87, 1651078813214757, 1651078813214763, 6
88, 1651078813231047, 1651078813231052, 5
89, 1651078813245037, 1651078813245058, 21
90, 1651078813261582, 1651078813261586, 4
91, 1651078813278246, 1651078813278251, 5
92, 1651078813296869, 1651078813296871, 2
93, 1651078813314746, 1651078813314750, 4
94, 1651078813331852, 1651078813331854, 2
95, 1651078813346932, 1651078813346934, 2
96, 1651078813360870, 1651078813360876, 6
97, 1651078813374846, 1651078813374850, 4
98, 1651078813401183, 1651078813401189, 6
99, 1651078813418801, 1651078813418806, 5
100, 1651078813433149, 1651078813433151, 2
101, 1651078813450745, 1651078813450836, 91
102, 1651078813466931, 1651078813466936, 5
103, 1651078813481197, 1651078813481198, 1
104, 1651078813496402, 1651078813496409, 7
105, 1651078813510783, 1651078813510790, 7
106, 1651078813530758, 1651078813530765, 7
107, 1651078813546511, 1651078813546514, 3
108, 1651078813560954, 1651078813560958, 4
109, 1651078813787864, 1651078813787870, 6
110, 1651078813803167, 1651078813803171, 4
111, 1651078813817379, 1651078813817381, 2
112, 1651078813834805, 1651078813834812, 7
113, 1651078813850294, 1651078813850297, 3
114, 1651078813863517, 1651078813863522, 5
115, 1651078813879055, 1651078813879058, 3
116, 1651078813892289, 1651078813892294, 5
117, 1651078813906500, 1651078813906505, 5
118, 1651078813922043, 1651078813922052, 9
119, 1651078813935466, 1651078813935472, 6
120, 1651078813951113, 1651078813951118, 5
121, 1651078813966808, 1651078813966811, 3
122, 1651078813980995, 1651078813980999, 4
123, 1651078813997855, 1651078813997879, 24
124, 1651078814011937, 1651078814011940, 3
125, 1651078814025480, 1651078814025487, 7
126, 1651078814038869, 1651078814038875, 6
127, 1651078814054796, 1651078814054802, 6
128, 1651078814070212, 1651078814070214, 2
129, 1651078814086451, 1651078814086456, 5
130, 1651078814099893, 1651078814099895, 2
131, 1651078814114026, 1651078814114028, 2
132, 1651078814127393, 1651078814127395, 2
133, 1651078814140791, 1651078814140796, 5
134, 1651078814154062, 1651078814154064, 2
135, 1651078814169715, 1651078814169717, 2
136, 1651078814183022, 1651078814183029, 7
137, 1651078814199476, 1651078814199482, 6
138, 1651078814212800, 1651078814212806, 6
139, 1651078814229471, 1651078814229473, 2
140, 1651078814243559, 1651078814243565, 6
141, 1651078814259006, 1651078814259014, 8
142, 1651078814272398, 1651078814272400, 2
143, 1651078814286485, 1651078814286493, 8
144, 1651078814302643, 1651078814302647, 4
145, 1651078814320432, 1651078814320439, 7
146, 1651078814334589, 1651078814334592, 3
147, 1651078814349234, 1651078814349239, 5
148, 1651078814363425, 1651078814363429, 4
149, 1651078814378160, 1651078814378163, 3
150, 1651078814392761, 1651078814392765, 4
151, 1651078814408273, 1651078814408275, 2
152, 1651078814421650, 1651078814421694, 44
153, 1651078814439562, 1651078814439569, 7
154, 1651078814454840, 1651078814454842, 2
155, 1651078814470136, 1651078814470138, 2
156, 1651078814483289, 1651078814483290, 1
157, 1651078814498612, 1651078814498613, 1
158, 1651078814512788, 1651078814512793, 5
159, 1651078814526922, 1651078814526926, 4
160, 1651078814540124, 1651078814540130, 6
161, 1651078814553364, 1651078814553366, 2
162, 1651078814567505, 1651078814567508, 3
163, 1651078814581705, 1651078814581706, 1
164, 1651078814594975, 1651078814594977, 2
165, 1651078814609152, 1651078814609156, 4
166, 1651078814623355, 1651078814623361, 6
167, 1651078814637638, 1651078814637643, 5
168, 1651078814651872, 1651078814651876, 4
169, 1651078814668458, 1651078814668462, 4
170, 1651078814682520, 1651078814682521, 1
171, 1651078814696560, 1651078814696562, 2
172, 1651078814710681, 1651078814710683, 2
173, 1651078814724801, 1651078814724806, 5
174, 1651078814737945, 1651078814737948, 3
175, 1651078814751105, 1651078814751111, 6
176, 1651078814765284, 1651078814765287, 3
177, 1651078814778453, 1651078814778454, 1
178, 1651078814792571, 1651078814792659, 88
179, 1651078814805798, 1651078814805864, 66
180, 1651078814821267, 1651078814821273, 6
181, 1651078814836498, 1651078814836499, 1
182, 1651078814851851, 1651078814851855, 4
183, 1651078814866736, 1651078814866740, 4
184, 1651078814888169, 1651078814888176, 7
185, 1651078814904648, 1651078814904705, 57
186, 1651078814921676, 1651078814921732, 56
187, 1651078814936953, 1651078814936960, 7
188, 1651078814951630, 1651078814951634, 4
189, 1651078814966935, 1651078814966937, 2
190, 1651078814981689, 1651078814981695, 6
191, 1651078814996403, 1651078814996406, 3
192, 1651078815011287, 1651078815011291, 4
193, 1651078815036168, 1651078815036176, 8
194, 1651078815051372, 1651078815051378, 6
195, 1651078815066647, 1651078815066648, 1
196, 1651078815081909, 1651078815081914, 5
197, 1651078815097203, 1651078815097204, 1
198, 1651078815112443, 1651078815112446, 3
199, 1651078815127670, 1651078815127673, 3
