0, 1670345669811143, 1670345669811169, 26
1, 1670345669825819, 1670345669825838, 19
2, 1670345669838240, 1670345669838257, 17
3, 1670345669850573, 1670345669850591, 18
4, 1670345669862892, 1670345669862909, 17
5, 1670345669875227, 1670345669875244, 17
6, 1670345669887561, 1670345669887578, 17
7, 1670345669899890, 1670345669899907, 17
8, 1670345669915542, 1670345669915559, 17
9, 1670345669927777, 1670345669927793, 16
10, 1670345669940033, 1670345669940050, 17
11, 1670345669952310, 1670345669952327, 17
12, 1670345669964629, 1670345669964646, 17
13, 1670345669976942, 1670345669976958, 16
14, 1670345669989274, 1670345669989291, 17
15, 1670345670001654, 1670345670001670, 16
16, 1670345670014025, 1670345670014041, 16
17, 1670345670026414, 1670345670026431, 17
18, 1670345670042149, 1670345670042166, 17
19, 1670345670054388, 1670345670054404, 16
20, 1670345670066645, 1670345670066661, 16
21, 1670345670078946, 1670345670078962, 16
22, 1670345670091241, 1670345670091257, 16
23, 1670345670103548, 1670345670103564, 16
24, 1670345670115905, 1670345670115922, 17
25, 1670345670128251, 1670345670128267, 16
26, 1670345670140617, 1670345670140633, 16
27, 1670345670153030, 1670345670153047, 17
28, 1670345670168715, 1670345670168731, 16
29, 1670345670180950, 1670345670180966, 16
30, 1670345670193238, 1670345670193255, 17
31, 1670345670205514, 1670345670205530, 16
32, 1670345670217806, 1670345670217822, 16
33, 1670345670230147, 1670345670230164, 17
34, 1670345670242479, 1670345670242495, 16
35, 1670345670254827, 1670345670254844, 17
36, 1670345670267175, 1670345670267191, 16
37, 1670345670279511, 1670345670279528, 17
38, 1670345670295146, 1670345670295163, 17
39, 1670345670307363, 1670345670307379, 16
40, 1670345670319568, 1670345670319585, 17
41, 1670345670331793, 1670345670331810, 17
42, 1670345670344064, 1670345670344081, 17
43, 1670345670356326, 1670345670356343, 17
44, 1670345670368605, 1670345670368622, 17
45, 1670345670380932, 1670345670380949, 17
46, 1670345670393271, 1670345670393288, 17
47, 1670345670405610, 1670345670405627, 17
48, 1670345670421296, 1670345670421313, 17
49, 1670345670433485, 1670345670433527, 42
50, 1670345670445720, 1670345670445737, 17
51, 1670345670457971, 1670345670457988, 17
52, 1670345670470219, 1670345670470236, 17
53, 1670345670482484, 1670345670482501, 17
54, 1670345670494794, 1670345670494811, 17
55, 1670345670507090, 1670345670507108, 18
56, 1670345670519490, 1670345670519507, 17
57, 1670345670531895, 1670345670531912, 17
58, 1670345670544287, 1670345670544303, 16
59, 1670345670556513, 1670345670556529, 16
60, 1670345670568786, 1670345670568802, 16
61, 1670345670581050, 1670345670581066, 16
62, 1670345670593334, 1670345670593350, 16
63, 1670345670605665, 1670345670605682, 17
64, 1670345670617986, 1670345670618003, 17
65, 1670345670630326, 1670345670630343, 17
66, 1670345670642713, 1670345670642729, 16
67, 1670345670655089, 1670345670655107, 18
68, 1670345670667611, 1670345670667628, 17
69, 1670345670683316, 1670345670683333, 17
70, 1670345670695553, 1670345670695569, 16
71, 1670345670707794, 1670345670707810, 16
72, 1670345670720068, 1670345670720085, 17
73, 1670345670732361, 1670345670732378, 17
74, 1670345670744674, 1670345670744691, 17
75, 1670345670757000, 1670345670757017, 17
76, 1670345670769350, 1670345670769367, 17
77, 1670345670781718, 1670345670781734, 16
78, 1670345670794140, 1670345670794157, 17
79, 1670345670809846, 1670345670809862, 16
80, 1670345670822079, 1670345670822095, 16
81, 1670345670834335, 1670345670834352, 17
82, 1670345670846607, 1670345670846623, 16
83, 1670345670858898, 1670345670858914, 16
84, 1670345670871212, 1670345670871229, 17
85, 1670345670883541, 1670345670883558, 17
86, 1670345670895889, 1670345670895905, 16
87, 1670345670908252, 1670345670908269, 17
88, 1670345670920636, 1670345670920652, 16
89, 1670345670936341, 1670345670936357, 16
90, 1670345670948575, 1670345670948591, 16
91, 1670345670960827, 1670345670960844, 17
92, 1670345670973098, 1670345670973114, 16
93, 1670345670985389, 1670345670985405, 16
94, 1670345670997700, 1670345670997717, 17
95, 1670345671010028, 1670345671010045, 17
96, 1670345671026307, 1670345671026324, 17
97, 1670345671038669, 1670345671038685, 16
98, 1670345671051055, 1670345671051071, 16
99, 1670345671068814, 1670345671068831, 17
100, 1670345671081047, 1670345671081063, 16
101, 1670345671093335, 1670345671093371, 36
102, 1670345671105630, 1670345671105647, 17
103, 1670345671117925, 1670345671117942, 17
104, 1670345671130263, 1670345671130280, 17
105, 1670345671142594, 1670345671142610, 16
106, 1670345671154942, 1670345671154958, 16
107, 1670345671167307, 1670345671167323, 16
108, 1670345671179695, 1670345671179711, 16
109, 1670345671195399, 1670345671195415, 16
110, 1670345671207662, 1670345671207679, 17
111, 1670345671219916, 1670345671219932, 16
112, 1670345671232189, 1670345671232205, 16
113, 1670345671244511, 1670345671244527, 16
114, 1670345671256819, 1670345671256835, 16
115, 1670345671269145, 1670345671269162, 17
116, 1670345671281522, 1670345671281538, 16
117, 1670345671293888, 1670345671293904, 16
118, 1670345671306274, 1670345671306290, 16
119, 1670345671322007, 1670345671322024, 17
120, 1670345671334243, 1670345671334259, 16
121, 1670345671346500, 1670345671346516, 16
122, 1670345671358798, 1670345671358814, 16
123, 1670345671371089, 1670345671371108, 19
124, 1670345671384620, 1670345671384636, 16
125, 1670345671397014, 1670345671397031, 17
126, 1670345671409400, 1670345671409416, 16
127, 1670345671421803, 1670345671421819, 16
128, 1670345671434252, 1670345671434268, 16
129, 1670345671449942, 1670345671449959, 17
130, 1670345671462165, 1670345671462181, 16
131, 1670345671474435, 1670345671474451, 16
132, 1670345671486695, 1670345671486711, 16
133, 1670345671498951, 1670345671498968, 17
134, 1670345671511236, 1670345671511252, 16
135, 1670345671523513, 1670345671523529, 16
136, 1670345671535808, 1670345671535824, 16
137, 1670345671548152, 1670345671548168, 16
138, 1670345671560486, 1670345671560502, 16
139, 1670345671576138, 1670345671576154, 16
140, 1670345671588352, 1670345671588367, 15
141, 1670345671600555, 1670345671600571, 16
142, 1670345671612779, 1670345671612795, 16
143, 1670345671625046, 1670345671625062, 16
144, 1670345671637308, 1670345671637324, 16
145, 1670345671652651, 1670345671652667, 16
146, 1670345671664981, 1670345671664997, 16
147, 1670345671677259, 1670345671677275, 16
148, 1670345671689553, 1670345671689569, 16
149, 1670345671704075, 1670345671704092, 17
150, 1670345671716215, 1670345671716231, 16
151, 1670345671728375, 1670345671728390, 15
152, 1670345671740581, 1670345671740614, 33
153, 1670345671752794, 1670345671752810, 16
154, 1670345671765012, 1670345671765028, 16
155, 1670345671777280, 1670345671777296, 16
156, 1670345671789536, 1670345671789552, 16
157, 1670345671801810, 1670345671801827, 17
158, 1670345671814130, 1670345671814147, 17
159, 1670345671828620, 1670345671828636, 16
160, 1670345671840764, 1670345671840780, 16
161, 1670345671852955, 1670345671852971, 16
162, 1670345671865134, 1670345671865150, 16
163, 1670345671877335, 1670345671877351, 16
164, 1670345671889582, 1670345671889598, 16
165, 1670345671901816, 1670345671901833, 17
166, 1670345671914074, 1670345671914090, 16
167, 1670345671926377, 1670345671926393, 16
168, 1670345671938668, 1670345671938683, 15
169, 1670345671953155, 1670345671953171, 16
170, 1670345671965328, 1670345671965345, 17
171, 1670345671977492, 1670345671977509, 17
172, 1670345671989673, 1670345671989690, 17
173, 1670345672001902, 1670345672001919, 17
174, 1670345672014118, 1670345672014135, 17
175, 1670345672026355, 1670345672026372, 17
176, 1670345672038638, 1670345672038655, 17
177, 1670345672050908, 1670345672050924, 16
178, 1670345672063203, 1670345672063219, 16
179, 1670345672077721, 1670345672077737, 16
180, 1670345672089861, 1670345672089877, 16
181, 1670345672102020, 1670345672102036, 16
182, 1670345672114225, 1670345672114241, 16
183, 1670345672126423, 1670345672126439, 16
184, 1670345672138638, 1670345672138654, 16
185, 1670345672150898, 1670345672150912, 14
186, 1670345672163150, 1670345672163168, 18
187, 1670345672175417, 1670345672175434, 17
188, 1670345672187734, 1670345672187751, 17
189, 1670345672207026, 1670345672207043, 17
190, 1670345672219186, 1670345672219203, 17
191, 1670345672231352, 1670345672231369, 17
192, 1670345672243536, 1670345672243553, 17
193, 1670345672255740, 1670345672255756, 16
194, 1670345672267962, 1670345672267978, 16
195, 1670345672280204, 1670345672280221, 17
196, 1670345672292453, 1670345672292469, 16
197, 1670345672304731, 1670345672304748, 17
198, 1670345672317029, 1670345672317046, 17
199, 1670345672332647, 1670345672332664, 17
